Reading environment with 1 polygons.
Reading polygon with 5 vertices.
...problem loaded!
Computing visibility graph...
...done!
Generating plan...
Stage 1:
(1,-0)
(0.447214,0.894427)
Stage 2:
(1,0)
...3 step localization sequence computed.
  maxTime = 3219.94
 seg=(3600,6000)(3000,4800)
 f= 1073.31
 trans= (-1073.31,0)
 s2=(2526.69,6000)(1926.69,4800)

 seg=(2400,6000)(1800,4800)
 f= 1073.31
 trans= (-1073.31,0)
 s2=(1326.69,6000)(726.687,4800)

 seg=(4200,7200)(3600,6000)
 f= 3219.94
 trans= (-3219.94,0)
 s2=(980.062,7200)(380.062,6000)

 seg=(3600,6000)(3000,4800)
 f= 1023.31
 trans= (-1023.31,0)
 s2=(2576.69,6000)(1976.69,4800)

 seg=(2400,6000)(1800,4800)
 f= 1023.31
 trans= (-1023.31,0)
 s2=(1376.69,6000)(776.687,4800)

 seg=(4200,7200)(3600,6000)
 f= 3169.94
 trans= (-3169.94,0)
 s2=(1030.06,7200)(430.062,6000)

 seg=(3600,6000)(3000,4800)
 f= 973.313
 trans= (-973.313,0)
 s2=(2626.69,6000)(2026.69,4800)

 seg=(2400,6000)(1800,4800)
 f= 973.313
 trans= (-973.313,0)
 s2=(1426.69,6000)(826.687,4800)

 seg=(4200,7200)(3600,6000)
 f= 3119.94
 trans= (-3119.94,0)
 s2=(1080.06,7200)(480.062,6000)

 seg=(3600,6000)(3000,4800)
 f= 923.313
 trans= (-923.313,0)
 s2=(2676.69,6000)(2076.69,4800)

 seg=(2400,6000)(1800,4800)
 f= 923.313
 trans= (-923.313,0)
 s2=(1476.69,6000)(876.687,4800)

 seg=(4200,7200)(3600,6000)
 f= 3069.94
 trans= (-3069.94,0)
 s2=(1130.06,7200)(530.062,6000)

 seg=(3600,6000)(3000,4800)
 f= 873.313
 trans= (-873.313,0)
 s2=(2726.69,6000)(2126.69,4800)

 seg=(2400,6000)(1800,4800)
 f= 873.313
 trans= (-873.313,0)
 s2=(1526.69,6000)(926.687,4800)

 seg=(4200,7200)(3600,6000)
 f= 3019.94
 trans= (-3019.94,0)
 s2=(1180.06,7200)(580.062,6000)

 seg=(3600,6000)(3000,4800)
 f= 823.313
 trans= (-823.313,0)
 s2=(2776.69,6000)(2176.69,4800)

 seg=(2400,6000)(1800,4800)
 f= 823.313
 trans= (-823.313,0)
 s2=(1576.69,6000)(976.687,4800)

 seg=(4200,7200)(3600,6000)
 f= 2969.94
 trans= (-2969.94,0)
 s2=(1230.06,7200)(630.062,6000)

 seg=(3600,6000)(3000,4800)
 f= 773.313
 trans= (-773.313,0)
 s2=(2826.69,6000)(2226.69,4800)

 seg=(2400,6000)(1800,4800)
 f= 773.313
 trans= (-773.313,0)
 s2=(1626.69,6000)(1026.69,4800)

 seg=(4200,7200)(3600,6000)
 f= 2919.94
 trans= (-2919.94,0)
 s2=(1280.06,7200)(680.062,6000)

 seg=(3600,6000)(3000,4800)
 f= 723.313
 trans= (-723.313,0)
 s2=(2876.69,6000)(2276.69,4800)

 seg=(2400,6000)(1800,4800)
 f= 723.313
 trans= (-723.313,0)
 s2=(1676.69,6000)(1076.69,4800)

 seg=(4200,7200)(3600,6000)
 f= 2869.94
 trans= (-2869.94,0)
 s2=(1330.06,7200)(730.062,6000)

 seg=(3600,6000)(3000,4800)
 f= 673.313
 trans= (-673.313,0)
 s2=(2926.69,6000)(2326.69,4800)

 seg=(2400,6000)(1800,4800)
 f= 673.313
 trans= (-673.313,0)
 s2=(1726.69,6000)(1126.69,4800)

 seg=(4200,7200)(3600,6000)
 f= 2819.94
 trans= (-2819.94,0)
 s2=(1380.06,7200)(780.062,6000)

 seg=(3600,6000)(3000,4800)
 f= 623.313
 trans= (-623.313,0)
 s2=(2976.69,6000)(2376.69,4800)

 seg=(2400,6000)(1800,4800)
 f= 623.313
 trans= (-623.313,0)
 s2=(1776.69,6000)(1176.69,4800)

 seg=(4200,7200)(3600,6000)
 f= 2769.94
 trans= (-2769.94,0)
 s2=(1430.06,7200)(830.062,6000)

 seg=(3600,6000)(3000,4800)
 f= 573.313
 trans= (-573.313,0)
 s2=(3026.69,6000)(2426.69,4800)

 seg=(2400,6000)(1800,4800)
 f= 573.313
 trans= (-573.313,0)
 s2=(1826.69,6000)(1226.69,4800)

 seg=(4200,7200)(3600,6000)
 f= 2719.94
 trans= (-2719.94,0)
 s2=(1480.06,7200)(880.062,6000)

 seg=(3600,6000)(3000,4800)
 f= 523.313
 trans= (-523.313,0)
 s2=(3076.69,6000)(2476.69,4800)

 seg=(2400,6000)(1800,4800)
 f= 523.313
 trans= (-523.313,0)
 s2=(1876.69,6000)(1276.69,4800)

 seg=(4200,7200)(3600,6000)
 f= 2669.94
 trans= (-2669.94,0)
 s2=(1530.06,7200)(930.062,6000)

 seg=(3600,6000)(3000,4800)
 f= 473.313
 trans= (-473.313,0)
 s2=(3126.69,6000)(2526.69,4800)

 seg=(2400,6000)(1800,4800)
 f= 473.313
 trans= (-473.313,0)
 s2=(1926.69,6000)(1326.69,4800)

 seg=(4200,7200)(3600,6000)
 f= 2619.94
 trans= (-2619.94,0)
 s2=(1580.06,7200)(980.062,6000)

 seg=(3600,6000)(3000,4800)
 f= 423.313
 trans= (-423.313,0)
 s2=(3176.69,6000)(2576.69,4800)

 seg=(2400,6000)(1800,4800)
 f= 423.313
 trans= (-423.313,0)
 s2=(1976.69,6000)(1376.69,4800)

 seg=(4200,7200)(3600,6000)
 f= 2569.94
 trans= (-2569.94,0)
 s2=(1630.06,7200)(1030.06,6000)

 seg=(3600,6000)(3000,4800)
 f= 373.313
 trans= (-373.313,0)
 s2=(3226.69,6000)(2626.69,4800)

 seg=(2400,6000)(1800,4800)
 f= 373.313
 trans= (-373.313,0)
 s2=(2026.69,6000)(1426.69,4800)

 seg=(4200,7200)(3600,6000)
 f= 2519.94
 trans= (-2519.94,0)
 s2=(1680.06,7200)(1080.06,6000)

 seg=(3600,6000)(3000,4800)
 f= 323.313
 trans= (-323.313,0)
 s2=(3276.69,6000)(2676.69,4800)

 seg=(2400,6000)(1800,4800)
 f= 323.313
 trans= (-323.313,0)
 s2=(2076.69,6000)(1476.69,4800)

 seg=(4200,7200)(3600,6000)
 f= 2469.94
 trans= (-2469.94,0)
 s2=(1730.06,7200)(1130.06,6000)

 seg=(3600,6000)(3000,4800)
 f= 273.313
 trans= (-273.313,0)
 s2=(3326.69,6000)(2726.69,4800)

 seg=(2400,6000)(1800,4800)
 f= 273.313
 trans= (-273.313,0)
 s2=(2126.69,6000)(1526.69,4800)

 seg=(4200,7200)(3600,6000)
 f= 2419.94
 trans= (-2419.94,0)
 s2=(1780.06,7200)(1180.06,6000)

 seg=(3600,6000)(3000,4800)
 f= 223.313
 trans= (-223.313,0)
 s2=(3376.69,6000)(2776.69,4800)

 seg=(2400,6000)(1800,4800)
 f= 223.313
 trans= (-223.313,0)
 s2=(2176.69,6000)(1576.69,4800)

 seg=(4200,7200)(3600,6000)
 f= 2369.94
 trans= (-2369.94,0)
 s2=(1830.06,7200)(1230.06,6000)

 seg=(3600,6000)(3000,4800)
 f= 173.313
 trans= (-173.313,0)
 s2=(3426.69,6000)(2826.69,4800)

 seg=(2400,6000)(1800,4800)
 f= 173.313
 trans= (-173.313,0)
 s2=(2226.69,6000)(1626.69,4800)

 seg=(4200,7200)(3600,6000)
 f= 2319.94
 trans= (-2319.94,0)
 s2=(1880.06,7200)(1280.06,6000)

 seg=(3600,6000)(3000,4800)
 f= 123.313
 trans= (-123.313,0)
 s2=(3476.69,6000)(2876.69,4800)

 seg=(2400,6000)(1800,4800)
 f= 123.313
 trans= (-123.313,0)
 s2=(2276.69,6000)(1676.69,4800)

 seg=(4200,7200)(3600,6000)
 f= 2269.94
 trans= (-2269.94,0)
 s2=(1930.06,7200)(1330.06,6000)

 seg=(3600,6000)(3000,4800)
 f= 73.3126
 trans= (-73.3126,0)
 s2=(3526.69,6000)(2926.69,4800)

 seg=(2400,6000)(1800,4800)
 f= 73.3126
 trans= (-73.3126,0)
 s2=(2326.69,6000)(1726.69,4800)

 seg=(4200,7200)(3600,6000)
 f= 2219.94
 trans= (-2219.94,0)
 s2=(1980.06,7200)(1380.06,6000)

 seg=(3600,6000)(3000,4800)
 f= 23.3126
 trans= (-23.3126,0)
 s2=(3576.69,6000)(2976.69,4800)

 seg=(2400,6000)(1800,4800)
 f= 23.3126
 trans= (-23.3126,0)
 s2=(2376.69,6000)(1776.69,4800)

 seg=(4200,7200)(3600,6000)
 f= 2169.94
 trans= (-2169.94,0)
 s2=(2030.06,7200)(1430.06,6000)

 seg=(4200,7200)(3600,6000)
 f= 2119.94
 trans= (-2119.94,0)
 s2=(2080.06,7200)(1480.06,6000)

 seg=(4200,7200)(3600,6000)
 f= 2069.94
 trans= (-2069.94,0)
 s2=(2130.06,7200)(1530.06,6000)

 seg=(4200,7200)(3600,6000)
 f= 2019.94
 trans= (-2019.94,0)
 s2=(2180.06,7200)(1580.06,6000)

 seg=(4200,7200)(3600,6000)
 f= 1969.94
 trans= (-1969.94,0)
 s2=(2230.06,7200)(1630.06,6000)

 seg=(4200,7200)(3600,6000)
 f= 1919.94
 trans= (-1919.94,0)
 s2=(2280.06,7200)(1680.06,6000)

 seg=(4200,7200)(3600,6000)
 f= 1869.94
 trans= (-1869.94,0)
 s2=(2330.06,7200)(1730.06,6000)

 seg=(4200,7200)(3600,6000)
 f= 1819.94
 trans= (-1819.94,0)
 s2=(2380.06,7200)(1780.06,6000)

 seg=(4200,7200)(3600,6000)
 f= 1769.94
 trans= (-1769.94,0)
 s2=(2430.06,7200)(1830.06,6000)

 seg=(4200,7200)(3600,6000)
 f= 1719.94
 trans= (-1719.94,0)
 s2=(2480.06,7200)(1880.06,6000)

 seg=(4200,7200)(3600,6000)
 f= 1669.94
 trans= (-1669.94,0)
 s2=(2530.06,7200)(1930.06,6000)

 seg=(4200,7200)(3600,6000)
 f= 1619.94
 trans= (-1619.94,0)
 s2=(2580.06,7200)(1980.06,6000)

 seg=(4200,7200)(3600,6000)
 f= 1569.94
 trans= (-1569.94,0)
 s2=(2630.06,7200)(2030.06,6000)

 seg=(4200,7200)(3600,6000)
 f= 1519.94
 trans= (-1519.94,0)
 s2=(2680.06,7200)(2080.06,6000)

 seg=(4200,7200)(3600,6000)
 f= 1469.94
 trans= (-1469.94,0)
 s2=(2730.06,7200)(2130.06,6000)

 seg=(4200,7200)(3600,6000)
 f= 1419.94
 trans= (-1419.94,0)
 s2=(2780.06,7200)(2180.06,6000)

 seg=(4200,7200)(3600,6000)
 f= 1369.94
 trans= (-1369.94,0)
 s2=(2830.06,7200)(2230.06,6000)

 seg=(4200,7200)(3600,6000)
 f= 1319.94
 trans= (-1319.94,0)
 s2=(2880.06,7200)(2280.06,6000)

 seg=(4200,7200)(3600,6000)
 f= 1269.94
 trans= (-1269.94,0)
 s2=(2930.06,7200)(2330.06,6000)

 seg=(4200,7200)(3600,6000)
 f= 1219.94
 trans= (-1219.94,0)
 s2=(2980.06,7200)(2380.06,6000)

 seg=(4200,7200)(3600,6000)
 f= 1169.94
 trans= (-1169.94,0)
 s2=(3030.06,7200)(2430.06,6000)

 seg=(4200,7200)(3600,6000)
 f= 1119.94
 trans= (-1119.94,0)
 s2=(3080.06,7200)(2480.06,6000)

 seg=(4200,7200)(3600,6000)
 f= 1069.94
 trans= (-1069.94,0)
 s2=(3130.06,7200)(2530.06,6000)

 seg=(4200,7200)(3600,6000)
 f= 1019.94
 trans= (-1019.94,0)
 s2=(3180.06,7200)(2580.06,6000)

 seg=(4200,7200)(3600,6000)
 f= 969.938
 trans= (-969.938,0)
 s2=(3230.06,7200)(2630.06,6000)

 seg=(4200,7200)(3600,6000)
 f= 919.938
 trans= (-919.938,0)
 s2=(3280.06,7200)(2680.06,6000)

 seg=(4200,7200)(3600,6000)
 f= 869.938
 trans= (-869.938,0)
 s2=(3330.06,7200)(2730.06,6000)

 seg=(4200,7200)(3600,6000)
 f= 819.938
 trans= (-819.938,0)
 s2=(3380.06,7200)(2780.06,6000)

 seg=(4200,7200)(3600,6000)
 f= 769.938
 trans= (-769.938,0)
 s2=(3430.06,7200)(2830.06,6000)

 seg=(4200,7200)(3600,6000)
 f= 719.938
 trans= (-719.938,0)
 s2=(3480.06,7200)(2880.06,6000)

 seg=(4200,7200)(3600,6000)
 f= 669.938
 trans= (-669.938,0)
 s2=(3530.06,7200)(2930.06,6000)

 seg=(4200,7200)(3600,6000)
 f= 619.938
 trans= (-619.938,0)
 s2=(3580.06,7200)(2980.06,6000)

 seg=(4200,7200)(3600,6000)
 f= 569.938
 trans= (-569.938,0)
 s2=(3630.06,7200)(3030.06,6000)

 seg=(4200,7200)(3600,6000)
 f= 519.938
 trans= (-519.938,0)
 s2=(3680.06,7200)(3080.06,6000)

 seg=(4200,7200)(3600,6000)
 f= 469.938
 trans= (-469.938,0)
 s2=(3730.06,7200)(3130.06,6000)

 seg=(4200,7200)(3600,6000)
 f= 419.938
 trans= (-419.938,0)
 s2=(3780.06,7200)(3180.06,6000)

 seg=(4200,7200)(3600,6000)
 f= 369.938
 trans= (-369.938,0)
 s2=(3830.06,7200)(3230.06,6000)

 seg=(4200,7200)(3600,6000)
 f= 319.938
 trans= (-319.938,0)
 s2=(3880.06,7200)(3280.06,6000)

 seg=(4200,7200)(3600,6000)
 f= 269.938
 trans= (-269.938,0)
 s2=(3930.06,7200)(3330.06,6000)

 seg=(4200,7200)(3600,6000)
 f= 219.938
 trans= (-219.938,0)
 s2=(3980.06,7200)(3380.06,6000)

 seg=(4200,7200)(3600,6000)
 f= 169.938
 trans= (-169.938,0)
 s2=(4030.06,7200)(3430.06,6000)

 seg=(4200,7200)(3600,6000)
 f= 119.938
 trans= (-119.938,0)
 s2=(4080.06,7200)(3480.06,6000)

 seg=(4200,7200)(3600,6000)
 f= 69.9379
 trans= (-69.9379,0)
 s2=(4130.06,7200)(3530.06,6000)

 seg=(4200,7200)(3600,6000)
 f= 19.9379
 trans= (-19.9379,0)
 s2=(4180.06,7200)(3580.06,6000)

  maxTime = -inf
Generated 65 frames of output.
