1 64
5100 3900
5100 3000
5400 3000
5400 3300
5700 3300
5700 2700
4800 2700
4800 3900
4500 4200
3864 3564
4076 3351
4288 3564
4500 3351
4076 2927
3439 3564
4288 4412
4200 4799
3300 4800
3300 4500
3600 4500
3600 4200
3000 4201
3000 5100
4201 5100
4272 5275
3636 5912
3424 5700
3636 5487
3424 5275
3000 5700
3636 6336
4485 5487
4800 5700
4801 6600
4501 6600
4501 6300
4201 6300
4202 6900
5101 6900
5101 5699
5451 5575
6087 6212
5875 6424
5663 6212
5451 6424
5875 6848
6512 6212
5663 5363
6000 4800
6900 4800
6900 5100
6600 5100
6600 5400
7200 5400
7200 4500
6000 4500
6000 4200
6636 3564
6848 3776
6636 3988
6848 4200
7272 3776
6636 3140
5787 3988
