37
4 0 0 0 7 7 7 7 0
7 
1.16 1.20
0.94 1.24
0.77 1.11
0.77 0.89
0.94 0.76
1.16 0.80
1.25 1.00
7 
1.16 2.20
0.94 2.24
0.77 2.11
0.77 1.89
0.94 1.76
1.16 1.80
1.25 2.00
7 
1.16 3.20
0.94 3.24
0.77 3.11
0.77 2.89
0.94 2.76
1.16 2.80
1.25 3.00
7 
1.16 4.20
0.94 4.24
0.77 4.11
0.77 3.89
0.94 3.76
1.16 3.80
1.25 4.00
7 
1.16 5.20
0.94 5.24
0.77 5.11
0.77 4.89
0.94 4.76
1.16 4.80
1.25 5.00
7 
1.16 6.20
0.94 6.24
0.77 6.11
0.77 5.89
0.94 5.76
1.16 5.80
1.25 6.00
7 
2.16 1.20
1.94 1.24
1.77 1.11
1.77 0.89
1.94 0.76
2.16 0.80
2.25 1.00
7 
2.16 2.20
1.94 2.24
1.77 2.11
1.77 1.89
1.94 1.76
2.16 1.80
2.25 2.00
7 
2.16 3.20
1.94 3.24
1.77 3.11
1.77 2.89
1.94 2.76
2.16 2.80
2.25 3.00
7 
2.16 4.20
1.94 4.24
1.77 4.11
1.77 3.89
1.94 3.76
2.16 3.80
2.25 4.00
7 
2.16 5.20
1.94 5.24
1.77 5.11
1.77 4.89
1.94 4.76
2.16 4.80
2.25 5.00
7 
2.16 6.20
1.94 6.24
1.77 6.11
1.77 5.89
1.94 5.76
2.16 5.80
2.25 6.00
7 
3.16 1.20
2.94 1.24
2.77 1.11
2.77 0.89
2.94 0.76
3.16 0.80
3.25 1.00
7 
3.16 2.20
2.94 2.24
2.77 2.11
2.77 1.89
2.94 1.76
3.16 1.80
3.25 2.00
7 
3.16 3.20
2.94 3.24
2.77 3.11
2.77 2.89
2.94 2.76
3.16 2.80
3.25 3.00
7 
3.16 4.20
2.94 4.24
2.77 4.11
2.77 3.89
2.94 3.76
3.16 3.80
3.25 4.00
7 
3.16 5.20
2.94 5.24
2.77 5.11
2.77 4.89
2.94 4.76
3.16 4.80
3.25 5.00
7 
3.16 6.20
2.94 6.24
2.77 6.11
2.77 5.89
2.94 5.76
3.16 5.80
3.25 6.00
7 
4.16 1.20
3.94 1.24
3.77 1.11
3.77 0.89
3.94 0.76
4.16 0.80
4.25 1.00
7 
4.16 2.20
3.94 2.24
3.77 2.11
3.77 1.89
3.94 1.76
4.16 1.80
4.25 2.00
7 
4.16 3.20
3.94 3.24
3.77 3.11
3.77 2.89
3.94 2.76
4.16 2.80
4.25 3.00
7 
4.16 4.20
3.94 4.24
3.77 4.11
3.77 3.89
3.94 3.76
4.16 3.80
4.25 4.00
7 
4.16 5.20
3.94 5.24
3.77 5.11
3.77 4.89
3.94 4.76
4.16 4.80
4.25 5.00
7 
4.16 6.20
3.94 6.24
3.77 6.11
3.77 5.89
3.94 5.76
4.16 5.80
4.25 6.00
7 
5.16 1.20
4.94 1.24
4.77 1.11
4.77 0.89
4.94 0.76
5.16 0.80
5.25 1.00
7 
5.16 2.20
4.94 2.24
4.77 2.11
4.77 1.89
4.94 1.76
5.16 1.80
5.25 2.00
7 
5.16 3.20
4.94 3.24
4.77 3.11
4.77 2.89
4.94 2.76
5.16 2.80
5.25 3.00
7 
5.16 4.20
4.94 4.24
4.77 4.11
4.77 3.89
4.94 3.76
5.16 3.80
5.25 4.00
7 
5.16 5.20
4.94 5.24
4.77 5.11
4.77 4.89
4.94 4.76
5.16 4.80
5.25 5.00
7 
5.16 6.20
4.94 6.24
4.77 6.11
4.77 5.89
4.94 5.76
5.16 5.80
5.25 6.00
7 
6.16 1.20
5.94 1.24
5.77 1.11
5.77 0.89
5.94 0.76
6.16 0.80
6.25 1.00
7 
6.16 2.20
5.94 2.24
5.77 2.11
5.77 1.89
5.94 1.76
6.16 1.80
6.25 2.00
7 
6.16 3.20
5.94 3.24
5.77 3.11
5.77 2.89
5.94 2.76
6.16 2.80
6.25 3.00
7 
6.16 4.20
5.94 4.24
5.77 4.11
5.77 3.89
5.94 3.76
6.16 3.80
6.25 4.00
7 
6.16 5.20
5.94 5.24
5.77 5.11
5.77 4.89
5.94 4.76
6.16 4.80
6.25 5.00
7 
6.16 6.20
5.94 6.24
5.77 6.11
5.77 5.89
5.94 5.76
6.16 5.80
6.25 6.00
