		
20.21	9.767310481	5
20.273	9.630762302	5
20.338	9.474002044	5
20.405	9.301430238	5
20.468	9.116894538	5
20.535	8.923582383	5
20.605	8.724675692	5
20.676	8.522897256	5
20.742	8.319972264	5
20.81	8.118086279	5
20.876	7.918747891	5
20.942	7.723160803	5
21.009	7.532687071	5
21.073	7.348145208	5
21.139	7.170366348	5
21.205	6.999929467	5
21.269	6.837108813	5
21.336	6.68210844	5
21.403	6.535684349	5
21.467	6.397362684	5
21.531	6.267374971	5
21.593	6.145383648	5
21.661	6.03165083	5
21.723	5.925701499	5
21.786	5.827306005	5
21.852	5.7360697	5
21.915	5.652086991	5
21.975	5.574837656	5
22.042	5.504027525	5
22.105	5.43963369	5
22.281	5.381582753	5
22.349	5.328700015	5
22.41	5.28052229	5
22.472	5.236692918	5
22.538	5.197325823	5
22.598	5.161967157	5
22.656	5.130419331	5
22.719	5.102102651	5
22.777	5.076739703	5
22.837	5.054450882	5
22.901	5.035139103	5
22.959	5.018635196	5
23.018	5.004471757	5
23.079	4.992243059	5
23.137	4.981961816	5
23.195	4.973099446	5
23.256	4.965947818	5
23.316	4.960221156	5
23.373	4.955733807	5
23.432	4.952190338	5
23.493	4.94969734	5
23.551	4.948464126	5
23.611	4.947863223	5
23.67	4.947828423	5
23.728	4.948556611	5
23.788	4.949488966	5
23.844	4.950872532	5
23.901	4.952441567	5
23.964	4.954090862	5
24.024	4.955787908	5
24.083	4.957514074	5
24.143	4.959239368	5
24.201	4.960959035	5
24.259	4.962766191	5
24.321	4.964870438	5
24.381	4.967081955	5
24.473	4.969030968	5
24.539	4.971149593	5
24.595	4.972991344	5
24.651	4.974639561	5
24.71	4.976462105	5
24.766	4.978032309	5
24.822	4.979762949	5
24.881	4.981585613	5
24.938	4.983624287	5
24.994	4.985919137	5
25.054	4.988154679	5
25.111	4.990073246	5
25.168	4.991693944	5
25.232	4.993310468	5
25.291	4.994746782	5
25.346	4.996161738	5
25.406	4.997172563	5
25.463	4.998065775	5
25.519	4.998880518	5
25.58	4.999541699	5
25.637	5.000080376	5
25.696	5.000444219	5
25.756	5.000991943	5
25.812	5.001493105	5
25.87	5.002012019	5
25.93	5.002636655	5
25.987	5.003135212	5
26.042	5.003853721	5
26.102	5.0047441	5
26.158	5.005390518	5
26.214	5.00602318	5
26.275	5.006706803	5
26.338	5.006984687	5
26.396	5.006955061	5
26.457	5.006805273	5
26.514	5.006581478	5
26.571	5.006588882	5
26.633	5.006288157	5
26.689	5.006090685	5
26.745	5.005786008	5
26.806	5.005515434	5
26.862	5.005036664	5
26.918	5.004289542	5
26.977	5.003580656	5
27.033	5.002884945	5
27.089	5.002500006	5
27.148	5.002269285	5
27.205	5.001927997	5
27.261	5.001602976	5
27.324	5.00107164	5
27.381	5.000665581	5
27.437	5.000418535	5
27.497	5.000039998	5
27.554	4.999784081	5
27.61	4.999425347	5
27.669	4.999147394	5
27.725	4.999022565	5
27.781	4.998851354	5
27.841	4.998683388	5
27.897	4.998332009	5
27.953	4.998336358	5
28.013	4.998483433	5
28.07	4.998434227	5
28.127	4.998439948	5
28.188	4.998429864	5
28.245	4.998343553	5
28.301	4.99816929	5
28.361	4.997930352	5
28.418	4.997806484	5
28.475	4.997769701	5
28.554	4.99771873	5
28.613	4.99753882	5
28.684	4.9973947	5
28.759	4.997524427	5
28.831	4.997626662	5
28.901	4.997744656	5
28.97	4.997970212	5
29.042	4.998231981	5
29.127	4.998367114	5
29.188	4.99833046	5
29.246	4.998538926	5
29.307	4.998621662	5
29.364	4.998594103	5
29.421	4.998861756	5
29.482	4.999485463	5
29.541	4.999509798	5
29.597	4.999736523	5
29.66	5.000195347	5
29.717	5.000921577	5
29.773	5.001835098	5
29.832	5.002548818	5
29.888	5.003184419	5
29.945	5.003738913	5
30.004	5.004353063	10
30.063	5.048372555	10
30.125	5.129213679	10
30.192	5.240450695	10
30.25	5.376639525	10
30.315	5.533276888	10
30.382	5.705788868	10
30.442	5.89028331	10
30.507	6.083340348	10
30.576	6.281774722	10
30.638	6.483088577	10
30.704	6.685272687	10
30.774	6.88649716	10
30.836	7.085483586	10
30.903	7.280552407	10
30.972	7.47042514	10
31.032	7.654468673	10
31.1	7.831900027	10
31.168	8.002194358	10
31.227	8.16480819	10
31.292	8.319524095	10
31.36	8.466041133	10
31.42	8.604542505	10
31.483	8.734529425	10
31.547	8.856149322	10
31.611	8.969553417	10
31.669	9.075373854	10
31.735	9.173713426	10
31.796	9.264738674	10
31.857	9.348671234	10
31.922	9.425939485	10
31.983	9.49652659	10
32.043	9.561473078	10
32.109	9.620646074	10
32.168	9.674429656	10
32.226	9.723160076	10
32.291	9.767018478	10
32.349	9.806403001	10
32.407	9.841598613	10
32.47	9.872901776	10
32.53	9.900638604	10
32.59	9.925251507	10
32.653	9.946735818	10
32.712	9.965350496	10
32.77	9.981806899	10
32.832	9.996200246	10
32.889	10.00839169	10
32.946	10.01894778	10
33.008	10.02766483	10
33.065	10.035091	10
33.122	10.04094195	10
33.186	10.04589809	10
33.242	10.04957044	10
33.298	10.05182167	10
33.36	10.05357898	10
33.417	10.05458872	10
33.475	10.05500023	10
33.538	10.05488701	10
33.594	10.05419258	10
33.65	10.05315024	10
33.713	10.05169191	10
33.769	10.05005309	10
33.826	10.04830184	10
33.889	10.04647674	10
33.944	10.04444267	10
34.001	10.04220689	10
34.062	10.03974057	10
34.119	10.03699795	10
34.175	10.03420935	10
34.238	10.03138822	10
34.295	10.02838799	10
34.352	10.02547732	10
34.413	10.02301319	10
34.47	10.02078332	10
34.527	10.01896253	10
34.589	10.01734336	10
34.646	10.01569126	10
34.703	10.01425856	10
34.764	10.01282395	10
34.822	10.01179124	10
34.878	10.01101438	10
34.94	10.00988779	10
34.997	10.00871055	10
35.053	10.00772316	10
35.116	10.00680048	10
35.173	10.0058217	10
35.23	10.00469401	10
35.292	10.00351225	10
35.348	10.00229225	10
35.404	10.00104354	10
35.465	9.999982769	10
35.521	9.99920004	10
35.577	9.998414172	10
35.638	9.997732719	10
35.695	9.996952991	10
35.751	9.996334481	10
35.812	9.995914674	10
35.87	9.995400932	10
35.927	9.995171685	10
35.987	9.995241422	10
36.042	9.995108775	10
36.098	9.995340674	10
36.159	9.995679417	10
36.213	9.996060233	10
36.269	9.996434515	10
36.33	9.996807403	10
36.386	9.997113582	10
36.441	9.997535596	10
36.502	9.997986672	10
36.557	9.998613997	10
36.613	9.999121546	10
36.674	9.999644167	10
36.73	10.00028856	10
36.785	10.00083188	10
36.846	10.00145138	10
36.901	10.00180637	10
36.956	10.00186726	10
37.018	10.00215442	10
37.075	10.00255214	10
37.13	10.00308167	10
37.191	10.00355683	10
37.247	10.00395797	10
37.301	10.00421142	10
37.361	10.00439996	10
37.416	10.00430978	10
37.473	10.00414138	10
37.535	10.00402158	10
37.592	10.00373708	10
37.658	10.0032442	10
37.72	10.00274836	10
37.776	10.00218775	10
37.831	10.00145652	10
37.891	10.00068661	10
37.946	9.999726753	10
38.001	9.999272632	10
38.062	9.99882082	10
38.117	9.998500068	10
38.175	9.998195015	10
38.236	9.997652137	10
38.292	9.997174305	10
38.348	9.996985827	10
38.409	9.996632897	10
38.465	9.99622044	10
38.523	9.996176357	10
38.586	9.996118386	10
38.642	9.996099938	10
38.698	9.99602225	10
38.76	9.996414981	10
38.816	9.997121196	10
38.871	9.997828088	10
38.93	9.998374791	10
38.985	9.998672927	10
39.042	9.999204094	10
39.102	9.999718073	10
39.157	10.00015078	10
39.212	10.00053014	10
39.272	10.0007494	10
39.327	10.00061996	10
39.384	10.00047641	10
39.444	10.00017266	10
39.5	10.00000506	10
39.555	9.999654111	10
39.616	9.999363249	10
39.672	9.999144023	10
39.727	9.999023231	10
39.787	9.998977753	10
39.841	9.998857481	10
39.895	9.998730146	10
39.956	9.998927316	10
40.012	9.999256889	5
40.069	9.95595218	5
40.135	9.875901547	5
40.195	9.76557888	5
40.253	9.630151757	5
40.322	9.474638214	5
40.385	9.30324257	5
40.445	9.119804152	5
40.515	8.927803453	5
40.579	8.729819491	5
40.639	8.528705201	5
40.712	8.326580223	5
40.777	8.124907718	5
40.837	7.926169601	5
40.908	7.731305343	5
40.973	7.541427095	5
41.034	7.357260459	5
41.103	7.179587967	5
41.168	7.009291703	5
41.228	6.846877545	5
41.297	6.69217325	5
41.363	6.545504089	5
41.423	6.408308038	5
41.49	6.278739889	5
41.552	6.157247214	5
41.612	6.043435531	5
41.678	5.937214459	5
41.74	5.838711716	5
41.802	5.748618962	5
41.868	5.665799603	5
41.927	5.589409059	5
41.989	5.519157832	5
42.054	5.454674242	5
42.114	5.395700372	5
42.173	5.3418455	5
42.237	5.292638978	5
42.298	5.248461577	5
42.359	5.20891049	5
42.426	5.173379224	5
42.486	5.141577555	5
42.546	5.113124927	5
42.609	5.087946415	5
42.669	5.065784564	5
42.729	5.046723305	5
42.793	5.030064124	5
42.851	5.015585525	5
42.91	5.003444385	5
42.973	4.992850017	5
43.031	4.983963128	5
43.089	4.976256477	5
43.151	4.969853323	5
43.309	4.964582665	5
43.372	4.960350501	5
43.439	4.95675329	5
43.501	4.95394939	5
43.562	4.952233718	5
43.629	4.951301799	5
43.688	4.950522707	5
43.745	4.950255314	5
43.807	4.950532767	5
43.865	4.95135264	5
43.921	4.952481063	5
43.985	4.953887916	5
44.042	4.955481712	5
44.099	4.957280248	5
44.16	4.958972807	5
44.216	4.960764978	5
44.272	4.962447122	5
44.335	4.964222207	5
44.391	4.965983801	5
44.447	4.967863337	5
44.509	4.969895131	5
44.566	4.971681595	5
44.623	4.973850866	5
44.685	4.97617664	5
44.742	4.978205638	5
44.799	4.980163945	5
44.86	4.982210793	5
44.921	4.98437147	5
44.98	4.986621615	5
45.043	4.988869705	5
45.1	4.991113577	5
45.156	4.992966503	5
45.217	4.994727609	5
45.274	4.996333662	5
45.33	4.997698562	5
45.397	4.99864938	5
45.455	4.999580469	5
45.511	5.00031742	5
45.573	5.001112738	5
45.629	5.001799163	5
45.685	5.002361177	5
45.748	5.002813224	5
45.804	5.003032122	5
45.861	5.003118137	5
45.922	5.003375622	5
45.978	5.003845659	5
46.036	5.004198831	5
46.098	5.004781238	5
46.154	5.004920428	5
46.21	5.004970512	5
46.273	5.00511737	5
46.33	5.00542605	5
46.386	5.005680725	5
46.45	5.005645365	5
46.506	5.005123025	5
46.564	5.004528982	5
46.626	5.003730575	5
46.682	5.002965619	5
46.737	5.002246743	5
46.799	5.001688779	5
46.855	5.000965666	5
46.911	5.000287147	5
46.971	4.999989984	5
47.027	4.99955551	5
47.083	4.999181334	5
47.144	4.99876298	5
47.2	4.998356107	5
47.256	4.998113318	5
47.316	4.998340785	5
47.377	4.998520228	5
47.433	4.998966757	5
47.493	4.999254649	5
47.55	4.999781564	5
47.608	5.000274842	5
47.671	5.00063754	5
47.728	5.000944844	5
47.785	5.001482148	5
47.845	5.002035233	5
47.901	5.00247349	5
47.955	5.002705294	5
48.015	5.003132861	5
48.071	5.003682076	5
48.126	5.00429735	5
48.189	5.004601192	5
48.245	5.004918912	5
48.302	5.005010053	5
48.364	5.005119526	5
48.42	5.005161896	5
48.476	5.005333523	5
48.538	5.005676712	5
48.594	5.006076788	5
48.651	5.006142866	5
48.714	5.006127929	5
48.773	5.006230664	5
48.83	5.006603904	5
48.893	5.006828374	5
48.949	5.006700283	5
49.004	5.00645188	5
49.065	5.005956373	5
49.122	5.005135645	5
49.177	5.0041789	5
49.24	5.003497249	5
49.296	5.003091194	5
49.352	5.002438382	5
49.414	5.001834097	5
49.488	5.001567349	5
49.551	5.001229321	5
49.622	5.000820685	5
49.692	5.000324844	5
49.769	5.000080873	5
49.84	5.000058656	5
49.9	4.999805426	5
49.975	4.99957352	5
50.054	4.999107997	10
50.116	5.042265127	10
50.185	5.122179927	10
50.257	5.232642245	10
50.315	5.368856685	10
50.385	5.52517332	10
50.45	5.697213093	10
50.508	5.881395777	10
